Station ID Lat Lon 5th 50th 95th
"Pohnpei-B" 1370 7.020000 158.330002 19.904339 31.032059 42.159779
"Baltra-B" 1645 -0.470000 269.700012 19.238562 28.754801 38.271038
"Majuro-A" 1217 7.170000 171.429993 20.364731 31.145264 41.925793
"Malakal-B" 1252 7.450000 134.580002 17.729189 29.779434 41.829681
"Yap-B" 1251 9.580000 138.229996 18.653185 30.837759 43.022335
"Rabaul" 1164 -4.200000 152.250000 18.164619 28.630316 39.096012
"Christmas-B" 801 2.120000 202.479996 19.067293 29.549049 40.030807
"Kanton-B" 575 -2.900000 188.270004 20.012995 30.006319 39.999641
"French Frigate-A" 1372 23.879999 193.669998 19.747301 30.940067 42.132835
"Papeete-B" 1397 -17.600000 210.429993 18.242641 28.426664 38.610687
"Rikitea" 1253 -23.200001 225.020004 17.780148 27.510401 37.240654
"Noumea" 2134 -22.320000 166.419998 20.470266 31.365894 42.261524
"Juan Fernandez-B" 1644 -33.669998 281.049988 16.001240 24.401150 32.801060
"Easter-C" 1272 -27.200001 250.500000 16.341635 25.943338 35.545044
"Penrhyn" 1450 -9.070000 201.919998 19.994015 29.506067 39.018120
"Saipan-B" 1474 15.320000 145.820007 17.670889 31.099552 44.528217
"Kapingamarangi" 1473 1.230000 154.869995 20.956764 30.683479 40.410194
"Santa Cruz" 300 -0.800000 269.570007 19.238562 28.754801 38.271038
"Cabo San Lucas" 1355 23.000000 250.019989 20.498720 29.547155 38.595589
"San Felix" 1751 -26.370001 279.820007 16.607313 24.847559 33.087803
"Kodiak Isl.,Alaska" 567 57.869999 207.380005 12.612923 24.975883 37.338848
"Adak,Alaska" 487 51.980000 183.229996 15.537360 26.654724 37.772087
"Dutch Harbor-B,AK" 390 54.000000 193.429993 16.358999 27.057964 37.756927
"Chichijima" 1391 27.100000 142.179993 19.164448 32.663940 46.163433
"Midway" 523 28.219999 182.630005 20.217398 32.400856 44.584312
"Wake" 595 19.280001 166.619995 18.306496 31.529507 44.752522
"Johnston" 598 16.780001 190.350006 19.710402 31.955263 44.200127
"Apra Harbor, Guam" 540 13.430000 144.649994 18.116383 30.935415 43.754448
"Chuuk" 528 7.450000 151.850006 19.646093 30.981562 42.317028
"Kwajalein" 513 8.730000 167.729996 20.297560 31.529072 42.760582
"Pago Pago" 539 -14.280000 189.320007 17.970362 29.231352 40.492340
"Honolulu-B,Hawaii" 155 21.370001 202.130005 18.919996 30.120817 41.321640
"Nawiliwili" 756 21.969999 200.649994 18.941874 30.316013 41.690151
"Kahului" 521 20.900000 203.529999 19.666025 30.760536 41.855045
"Hilo, Hawaii" 300 19.730000 204.929993 18.894131 30.688110 42.482090
"Mokuoloe" 823 21.430000 202.199997 18.919996 30.120817 41.321640
"Wellington" 221 -41.279999 174.779999 20.076012 29.795044 39.514076
"Tauranga" 1590 -37.650002 176.179993 19.949060 29.954523 39.959984
"Taranaki" 996 -39.049999 174.029999 19.640669 28.664812 37.688957
"Antofagasta" 510 -23.680000 289.549988 16.381172 23.475719 30.570269
"Valparaiso" 499 -33.119999 288.279999 14.635223 21.917517 29.199812
"Acajutla-A" 1302 13.580000 270.169983 18.290730 27.815962 37.341194
"Lobos de Afuera" 1552 -6.930000 279.279999 16.309978 26.406368 36.502762
"Buenaventura" 456 3.950000 282.830017 15.941125 24.894053 33.846981
"Quepos-A" 844 9.400000 275.830017 18.184345 26.400539 34.616734
"La Libertad" 544 -2.200000 279.080017 15.995667 25.612366 35.229065
"Callao-B" 1274 -12.080000 282.830017 16.063734 25.095675 34.127613
"Port Louis-C" 477 -20.200001 57.599998 19.641027 31.450371 43.259712
"Rodrigues" 1672 -19.680000 63.430000 19.341969 30.872110 42.402248
"Kelang" 1591 3.050000 101.430000 17.043049 25.884481 34.725918
"Keling" 1593 2.350000 102.180000 18.895512 29.045588 39.195663
"Langkawi" 1676 6.900000 99.800003 17.440760 27.399349 37.357937
"Lumut" 1594 4.300000 100.730003 17.043049 25.884481 34.725918
"Penang" 1595 5.470000 100.470001 17.043049 25.884481 34.725918
"Zanzibar" 1600 -6.200000 39.250000 21.093517 29.504183 37.914848
"Broome" 1159 -18.020000 122.230003 18.554562 29.348642 40.142719
"Darwin" 935 -12.520000 130.970001 18.536985 28.923828 39.310669
"Cocos" 983 -12.120000 96.970001 19.757786 31.184700 42.611614
"Fremantle" 111 -32.049999 115.730003 17.711519 28.527966 39.344414
"Esperance" 1114 -33.900002 122.019997 19.261734 28.920422 38.579105
"Port Elizabeth" 820 -34.049999 25.750000 22.436333 31.659636 40.882938
"Ceuta" 498 35.900002 354.679993 18.594112 24.976879 31.359650
"Vigo" 483 42.230000 351.269989 19.469782 28.701633 37.933483
"Cascais" 52 38.770000 350.579987 20.300156 28.346943 36.393730
"Funchal-B" 1030 32.730000 342.970001 21.264801 32.357250 43.449696
"Simon's Town" 826 -34.180000 18.430000 22.553577 31.025154 39.496727
"Fernandina Beach" 112 30.719999 278.529999 24.000835 35.854477 47.708118
"Key West,FL" 188 24.580000 278.119995 24.137955 34.210876 44.283794
"San Juan,PR" 1001 18.549999 293.880005 21.137850 30.440321 39.742790
"Magueyes Island,PR" 759 18.020000 292.830017 21.224121 30.495310 39.766499
"Portland,ME" 183 43.720001 289.630005 8.736380 28.319260 47.902142
"Newport,RI" 351 41.549999 288.580017 18.180525 36.160412 54.140301
"Limetree Bay" 1447 17.820000 295.220001 22.183022 30.787935 39.392849
"Charlotte Amalie" 1393 18.350000 295.049988 21.926849 30.956326 39.985802
"Bermuda-B" 368 32.430000 295.269989 15.783113 30.164640 44.546169
"Duck Pier,NC" 1636 36.180000 284.130005 26.370323 41.122082 55.873840
"Charleston,SC-B" 234 32.919998 280.000000 23.472980 36.935345 50.397705
"Atlantic City,NJ" 180 39.400002 285.570007 24.918509 40.073311 55.228115
"Cartagena" 572 10.380000 284.470001 22.447243 30.496752 38.546261
"Cristobal" 169 9.400000 279.950012 22.900091 30.805420 38.710751
"Churchill" 447 58.770000 265.820007 -105.277847 -54.260326 -3.242809
"Halifax" 96 44.669998 296.419983 19.727882 36.267632 52.807381
"St. John's-A" 393 47.570000 307.299988 25.161154 38.127499 51.093845
"Montauk,NY" 519 41.180000 287.950012 23.465031 39.251976 55.038918
"Ilha Fiscal,RJ" 1032 -23.020000 316.700012 18.989700 28.292126 37.594551
"Cananeia-A" 726 -25.020000 312.000000 18.526020 28.031614 37.537209
"Buenos Aires" 157 -34.669998 301.500000 15.215105 24.875244 34.535385
"Gibraltar-A" 490 36.130001 354.649994 18.598751 24.851498 31.104246
"Lerwick" 830 60.200001 358.799988 14.392829 27.085346 39.777863
"Newlyn, Cornwall" 202 50.119999 354.380005 19.977247 29.011986 38.046722
"Stornoway" 314 58.279999 353.570007 8.964889 22.360840 35.756790
"Balboa" 163 9.100000 280.369995 23.555378 31.675613 39.795849
"Tumaco" 639 1.820000 281.149994 16.958872 24.856739 32.754604
"Acapulco-A,Gro." 686 16.900000 259.980011 18.285328 27.377733 36.470139
"Ensenada" 795 31.850000 243.369995 19.440273 28.941372 38.442471
"Cendering" 1592 5.400000 103.220001 18.767817 28.797394 38.826973
"Johor Baharu" 248 1.570000 103.870003 18.910105 28.235895 37.561684
"Kuantan" 1589 4.050000 103.550003 17.955065 28.553476 39.151890
"Tioman" 1678 2.870000 104.199997 18.862852 28.400494 37.938133
"Sedili" 1702 2.070000 104.250000 18.862852 28.400494 37.938133
"Kukup" 1677 1.400000 103.529999 18.174612 27.824730 37.474846
"Geting" 1703 6.320000 102.169998 18.436951 27.895351 37.353752
"Ko Lak" 174 11.900000 99.820000 17.281719 27.116034 36.950348
"Hong Kong-B" 333 22.299999 114.220001 18.941507 28.403149 37.864788
"Brisbane" 822 -27.370001 153.169998 21.621510 31.019127 40.416744
"Bundaberg" 1154 -24.770000 152.500000 22.046904 31.509325 40.971748
"Fort Denison" 65 -33.900002 151.320007 22.485291 31.515446 40.545601
"Townsville" 637 -19.250000 146.830002 21.511539 30.477242 39.442940
"Spring Bay" 1216 -42.669998 148.070007 19.767424 31.653790 43.540157
"Kaohsiung" 1356 22.750000 120.330002 19.886356 29.787577 39.688797
"Keelung" 545 25.200001 121.769997 17.741417 29.155699 40.569981
"Nakano Shima" 1105 29.920000 129.919998 19.549030 31.683218 43.817406
"Abashiri" 1104 44.020000 144.279999 15.693089 24.610945 33.528797
"Hamada" 94 34.900002 132.070007 18.447403 27.104124 35.760845
"Toyama" 1389 36.770000 137.229996 18.706074 27.056234 35.406395
"Kushiro" 518 42.970001 144.369995 15.064448 24.606739 34.149029
"Ofunato" 1364 39.020000 141.750000 17.261759 25.544647 33.827534
"Mera" 359 34.919998 139.820007 16.960812 29.028702 41.096592
"Kushimoto" 134 33.480000 135.770004 18.100685 27.735641 37.370598
"Aburatsu" 814 31.580000 131.419998 17.289982 30.078608 42.867233
"Naha" 1151 26.219999 127.669998 19.648188 32.094650 44.541107
"Maisaka" 1089 34.680000 137.619995 17.136904 26.834524 36.532143
"Miyakejima" 1060 34.070000 139.619995 16.960812 29.028702 41.096592
"Hosojima" 133 32.419998 131.679993 15.989630 29.232471 42.475311
"Naze" 887 28.400000 129.630005 19.663124 32.236576 44.810028
"Wakkanai" 1103 45.400002 141.679993 14.844550 27.168842 39.493137
"Nagasaki" 1100 32.730000 129.869995 18.745131 29.771292 40.797455
"Nishinoomote" 1096 30.750000 131.070007 18.647936 30.737003 42.826073
"Hakodate" 813 41.779999 140.720001 18.291622 26.443914 34.596207
"Ishigaki" 1411 24.330000 124.150002 19.318542 31.143909 42.969276
"Manila" 145 14.600000 120.980003 16.561489 26.882917 37.204342
"Legaspi" 522 13.250000 123.830002 17.716963 28.736174 39.755386
"Hachinohe" 460 40.529999 141.529999 17.509312 25.419781 33.330250
"Xiamen" 727 24.450001 118.070000 17.422117 28.550467 39.678818
"Salina Cruz" 689 16.250000 264.769989 18.337139 27.429176 36.521210
"Manzanillo-A" 737 19.080000 255.550003 18.456728 27.586826 36.716927
"Guaymas" 693 27.930000 249.100006 15.966284 25.719965 35.473644
"Marsden Point" 1065 -35.830002 174.500000 22.024090 33.902653 45.781219
"Prince Rupert" 167 54.320000 229.619995 0.690050 9.992801 19.295551
"Tofino" 165 49.180000 233.970001 10.087018 19.885113 29.683208
"San Francisco,CA" 10 37.869999 237.399994 15.255358 25.572920 35.890484
"La Jolla,CA" 256 32.869999 242.679993 15.635604 25.571770 35.507935
"Monterey,CA" 1352 36.650002 238.070007 17.768654 28.159580 38.550507
"Crescent City,CA" 378 41.849998 235.820007 16.554976 27.179211 37.803448
"Port Orford, OR" 1640 42.799999 235.380005 16.713648 27.012920 37.312191
"Neah Bay,WA" 385 48.380001 235.380005 12.920004 22.714998 32.509991
"Sitka,AK" 426 57.070000 224.580002 12.679258 22.112919 31.546577
"Seward-C,AK" 266 60.150002 210.479996 9.648382 20.840687 32.032990
"Seldovia,AK" 1070 59.500000 208.250000 8.086994 20.657904 33.228813
"Valdez,AK" 1353 61.200001 213.529999 5.770139 16.994152 28.218168
"Willapa Bay, WA" 1354 46.779999 235.899994 15.984485 26.293924 36.603363
"Port San Luis, CA" 508 35.270000 239.149994 17.431490 27.634958 37.838425
"Los Angeles,CA" 245 33.750000 241.679993 13.564524 23.184179 32.803833
"San Diego,CA" 158 32.830002 242.769989 15.635604 25.571770 35.507935
"Yakutat,AK" 445 59.680000 220.250000 3.219329 15.440041 27.660751
"Ketchikan,AK" 225 55.330002 228.300003 5.388119 16.660006 27.931892
"Astoria,OR" 265 46.279999 236.230011 15.984485 26.293924 36.603363
"Arena Cove, CA" 2125 39.029999 236.220001 16.419949 26.839876 37.259804
"Sand Point,AK" 1634 55.369999 199.479996 13.198921 25.714954 38.230988
"Charleston,OR" 1269 43.450001 235.630005 17.683075 27.490646 37.298214
"Humboldt Bay, CA" 1639 40.770000 235.779999 16.539764 27.015543 37.491322
"Santa Monica, CA" 377 34.080002 241.500000 13.564524 23.184179 32.803833
"Cordova-B,Alaska" 566 60.630001 214.220001 5.235699 16.800785 28.365871
"South Beach,OR" 1196 44.700001 235.869995 18.064001 27.333021 36.602039
"Puerto Montt" 472 -41.500000 286.929993 10.088459 16.790617 23.492775
"Faraday" 913 -65.250000 295.730011 -14.737669 2.074108 18.885887
"Port Nolloth" 836 -29.250000 16.870001 22.789627 30.883402 38.977177
"Luderitz" 911 -26.650000 15.150000 23.089808 31.320656 39.551502
"Eastport,ME" 332 44.930000 293.000000 8.715052 26.469999 44.224949
"Boston,MA" 235 42.400002 288.929993 11.312735 30.963581 50.614429
"Woods Hole,MA" 367 41.580002 289.279999 18.180525 36.160412 54.140301
"Nantucket,MA" 1111 41.299999 289.779999 18.180525 36.160412 54.140301
"New London,CT" 429 41.400002 287.880005 23.465031 39.251976 55.038918
"New York,NY" 12 40.700001 285.850006 22.238182 39.649849 57.061512
"Cape May,NJ" 1153 38.980000 284.950012 28.251093 40.875198 53.499306
"Lewes,DE" 224 38.919998 284.850006 28.251093 40.875198 53.499306
"Chesapeake BBT" 1635 36.970001 283.769989 26.370323 41.122082 55.873840
"Wilmington,NC" 396 34.320000 282.019989 24.220985 37.150864 50.080742
"Fort Pulaski,GA" 395 32.029999 279.080017 23.203394 35.546581 47.889767
"Mayport,FL" 316 30.500000 278.429993 24.000835 35.854477 47.708118
"Naples,FL" 1107 26.250000 278.130005 24.572092 35.313358 46.054626
"St. Petersburg, FL" 520 27.850000 277.279999 24.732355 35.917583 47.102814
"Apalachicola,FL" 1193 29.820000 274.880005 23.496252 35.290398 47.084545
"Pensacola,FL" 246 30.430000 272.669983 23.685057 35.410248 47.135437
"Grand Isle,LA" 526 29.379999 269.980011 23.021883 34.244759 45.467632
"Sabine Pass N,TX" 920 29.850000 266.100006 23.127178 34.321964 45.516750
"Galveston,P.Pier" 161 29.320000 265.149994 22.152090 32.845013 43.537933
"Rockport, TX" 538 28.070000 262.830017 23.964287 33.836010 43.707733
"Corpus Cristi,TX" 1903 27.700001 262.779999 23.964287 33.836010 43.707733
"Port Isabel,TX" 497 26.150000 262.649994 23.714340 33.656425 43.598515
"Galveston,Pier 21" 161 29.400000 265.119995 22.152090 32.845013 43.537933
"Rorvik" 1241 64.870003 11.250000 -0.782862 12.864995 26.512852
"Tregde" 302 58.000000 7.570000 9.494602 23.797939 38.101276
"Vardo" 524 70.330002 31.100000 3.960447 18.206953 32.453461
"Goteborg-Torsh." 1236 57.700001 11.850000 2.001209 16.914286 31.827360
"Brest" 1 48.380001 355.399994 19.911407 28.829414 37.747417
"Ny-Alesund" 1421 78.930000 11.950000 -32.269779 -11.140970 9.987838
"Marseille" 61 43.380001 5.380000 19.370590 26.757530 34.144466
"Cuxhaven" 7 53.869999 8.720000 14.012625 31.145731 48.278839
"Stockholm" 78 59.400002 18.219999 -6.911415 9.250530 25.412476
"La Coruna" 484 43.369999 351.600006 19.127312 28.705847 38.284382
"Malin Head" 916 55.369999 352.670013 10.725435 23.681194 36.636955
"Gedser" 120 54.570000 11.930000 10.362446 27.359098 44.355751
"Hornbaek" 119 56.099998 12.470000 8.391982 23.607748 38.823517
