Station ID Lat Lon 5th 50th 95th
"Pohnpei-B" 1370 7.020000 158.330002 42.412327 60.244160 78.075996
"Baltra-B" 1645 -0.470000 269.700012 39.650902 56.871651 74.092400
"Majuro-A" 1217 7.170000 171.429993 42.871300 60.495995 78.120697
"Malakal-B" 1252 7.450000 134.580002 40.460415 58.810192 77.159973
"Yap-B" 1251 9.580000 138.229996 41.268871 59.682076 78.095284
"Rabaul" 1164 -4.200000 152.250000 39.405804 57.689762 75.973724
"Christmas-B" 801 2.120000 202.479996 40.878696 58.867134 76.855568
"Kanton-B" 575 -2.900000 188.270004 41.495399 59.142517 76.789635
"French Frigate-A" 1372 23.879999 193.669998 41.061783 59.731739 78.401695
"Papeete-B" 1397 -17.600000 210.429993 38.385208 55.469906 72.554604
"Rikitea" 1253 -23.200001 225.020004 35.916794 53.021347 70.125900
"Noumea" 2134 -22.320000 166.419998 41.848125 59.537857 77.227592
"Juan Fernandez-B" 1644 -33.669998 281.049988 32.732040 48.784569 64.837097
"Easter-C" 1272 -27.200001 250.500000 33.789425 50.536091 67.282753
"Penrhyn" 1450 -9.070000 201.919998 40.604824 58.021652 75.438484
"Saipan-B" 1474 15.320000 145.820007 38.801807 59.026684 79.251556
"Kapingamarangi" 1473 1.230000 154.869995 42.072880 59.867847 77.662811
"Santa Cruz" 300 -0.800000 269.570007 39.650902 56.871651 74.092400
"Cabo San Lucas" 1355 23.000000 250.019989 42.913872 58.216579 73.519287
"San Felix" 1751 -26.370001 279.820007 34.139519 49.810047 65.480576
"Kodiak Isl.,Alaska" 567 57.869999 207.380005 27.345510 48.440311 69.535110
"Adak,Alaska" 487 51.980000 183.229996 35.615383 53.893936 72.172485
"Dutch Harbor-B,AK" 390 54.000000 193.429993 34.436756 52.905201 71.373650
"Chichijima" 1391 27.100000 142.179993 38.951923 61.962021 84.972122
"Midway" 523 28.219999 182.630005 42.729004 63.283550 83.838097
"Wake" 595 19.280001 166.619995 39.294319 59.825783 80.357246
"Johnston" 598 16.780001 190.350006 41.652561 61.341522 81.030487
"Apra Harbor, Guam" 540 13.430000 144.649994 40.098152 59.132473 78.166794
"Chuuk" 528 7.450000 151.850006 41.924362 59.944427 77.964493
"Kwajalein" 513 8.730000 167.729996 42.726677 60.743141 78.759605
"Pago Pago" 539 -14.280000 189.320007 39.767860 58.174313 76.580765
"Honolulu-B,Hawaii" 155 21.370001 202.130005 40.859390 59.056725 77.254059
"Nawiliwili" 756 21.969999 200.649994 40.819706 59.275234 77.730766
"Kahului" 521 20.900000 203.529999 41.687565 59.900105 78.112648
"Hilo, Hawaii" 300 19.730000 204.929993 41.018795 59.815865 78.612938
"Mokuoloe" 823 21.430000 202.199997 40.859390 59.056725 77.254059
"Wellington" 221 -41.279999 174.779999 38.473083 53.964417 69.455757
"Tauranga" 1590 -37.650002 176.179993 38.710571 54.825169 70.939766
"Taranaki" 996 -39.049999 174.029999 38.251484 53.110378 67.969276
"Antofagasta" 510 -23.680000 289.549988 33.045109 46.516754 59.988396
"Valparaiso" 499 -33.119999 288.279999 30.105776 43.552841 56.999905
"Acajutla-A" 1302 13.580000 270.169983 37.735474 55.166538 72.597595
"Lobos de Afuera" 1552 -6.930000 279.279999 34.624550 52.031677 69.438805
"Buenaventura" 456 3.950000 282.830017 33.159874 49.499805 65.839729
"Quepos-A" 844 9.400000 275.830017 38.190231 52.618389 67.046547
"La Libertad" 544 -2.200000 279.080017 33.971115 51.223408 68.475700
"Callao-B" 1274 -12.080000 282.830017 33.164597 49.710049 66.255501
"Port Louis-C" 477 -20.200001 57.599998 41.004211 61.357868 81.711525
"Rodrigues" 1672 -19.680000 63.430000 41.337906 61.007915 80.677925
"Kelang" 1591 3.050000 101.430000 36.161720 50.702484 65.243240
"Keling" 1593 2.350000 102.180000 38.684292 56.385635 74.086983
"Langkawi" 1676 6.900000 99.800003 35.775936 54.204514 72.633087
"Lumut" 1594 4.300000 100.730003 36.161720 50.702484 65.243240
"Penang" 1595 5.470000 100.470001 36.161720 50.702484 65.243240
"Zanzibar" 1600 -6.200000 39.250000 41.891457 56.448112 71.004776
"Broome" 1159 -18.020000 122.230003 40.644371 57.934254 75.224136
"Darwin" 935 -12.520000 130.970001 40.175663 57.165318 74.154976
"Cocos" 983 -12.120000 96.970001 42.079765 61.220753 80.361740
"Fremantle" 111 -32.049999 115.730003 39.225975 57.502258 75.778542
"Esperance" 1114 -33.900002 122.019997 40.403721 57.932518 75.461319
"Port Elizabeth" 820 -34.049999 25.750000 42.546959 60.874737 79.202507
"Ceuta" 498 35.900002 354.679993 34.065880 43.946667 53.827454
"Vigo" 483 42.230000 351.269989 36.031479 52.510250 68.989021
"Cascais" 52 38.770000 350.579987 38.549446 51.175617 63.801788
"Funchal-B" 1030 32.730000 342.970001 39.998066 58.262287 76.526512
"Simon's Town" 826 -34.180000 18.430000 42.057617 59.232151 76.406685
"Fernandina Beach" 112 30.719999 278.529999 44.143833 64.570183 84.996536
"Key West,FL" 188 24.580000 278.119995 44.524879 62.560730 80.596581
"San Juan,PR" 1001 18.549999 293.880005 41.299736 58.019249 74.738762
"Magueyes Island,PR" 759 18.020000 292.830017 41.340839 57.964813 74.588791
"Portland,ME" 183 43.720001 289.630005 16.600859 49.836266 83.071671
"Newport,RI" 351 41.549999 288.580017 32.765705 63.465424 94.165138
"Limetree Bay" 1447 17.820000 295.220001 42.575687 58.628094 74.680504
"Charlotte Amalie" 1393 18.350000 295.049988 42.330994 58.788002 75.245010
"Bermuda-B" 368 32.430000 295.269989 34.222961 57.824604 81.426254
"Duck Pier,NC" 1636 36.180000 284.130005 50.233894 73.974144 97.714394
"Charleston,SC-B" 234 32.919998 280.000000 42.936905 66.280899 89.624878
"Atlantic City,NJ" 180 39.400002 285.570007 46.980698 73.340340 99.699982
"Cartagena" 572 10.380000 284.470001 40.594475 55.105061 69.615646
"Cristobal" 169 9.400000 279.950012 41.566807 56.069344 70.571884
"Churchill" 447 58.770000 265.820007 -184.942291 -97.085541 -9.228790
"Halifax" 96 44.669998 296.419983 35.263180 63.288445 91.313705
"St. John's-A" 393 47.570000 307.299988 41.697441 65.670059 89.642677
"Montauk,NY" 519 41.180000 287.950012 41.242241 67.915298 94.588348
"Ilha Fiscal,RJ" 1032 -23.020000 316.700012 35.991127 53.669590 71.348053
"Cananeia-A" 726 -25.020000 312.000000 35.217510 53.429443 71.641373
"Buenos Aires" 157 -34.669998 301.500000 30.408270 47.211231 64.014191
"Gibraltar-A" 490 36.130001 354.649994 33.948799 43.690498 53.432198
"Lerwick" 830 60.200001 358.799988 24.172174 44.965092 65.758011
"Newlyn, Cornwall" 202 50.119999 354.380005 36.916523 52.375923 67.835327
"Stornoway" 314 58.279999 353.570007 15.757421 38.968365 62.179314
"Balboa" 163 9.100000 280.369995 42.132484 56.877495 71.622505
"Tumaco" 639 1.820000 281.149994 35.553413 49.932404 64.311394
"Acapulco-A,Gro." 686 16.900000 259.980011 39.001637 54.848343 70.695045
"Ensenada" 795 31.850000 243.369995 39.753105 56.039833 72.326569
"Cendering" 1592 5.400000 103.220001 38.534172 56.127167 73.720154
"Johor Baharu" 248 1.570000 103.870003 40.099831 55.079479 70.059128
"Kuantan" 1589 4.050000 103.550003 37.367081 56.004189 74.641296
"Tioman" 1678 2.870000 104.199997 40.441193 55.445480 70.449768
"Sedili" 1702 2.070000 104.250000 40.441193 55.445480 70.449768
"Kukup" 1677 1.400000 103.529999 38.898506 53.974998 69.051491
"Geting" 1703 6.320000 102.169998 39.330990 54.143799 68.956604
"Ko Lak" 174 11.900000 99.820000 37.533276 52.234055 66.934830
"Hong Kong-B" 333 22.299999 114.220001 36.880344 54.082352 71.284363
"Brisbane" 822 -27.370001 153.169998 41.741051 58.594330 75.447609
"Bundaberg" 1154 -24.770000 152.500000 42.268307 59.151588 76.034874
"Fort Denison" 65 -33.900002 151.320007 41.083328 58.904457 76.725586
"Townsville" 637 -19.250000 146.830002 41.707432 56.946976 72.186516
"Spring Bay" 1216 -42.669998 148.070007 38.757092 58.359886 77.962677
"Kaohsiung" 1356 22.750000 120.330002 39.181274 56.527458 73.873642
"Keelung" 545 25.200001 121.769997 35.378212 54.768681 74.159149
"Nakano Shima" 1105 29.920000 129.919998 38.380402 58.492584 78.604767
"Abashiri" 1104 44.020000 144.279999 33.722450 49.176704 64.630959
"Hamada" 94 34.900002 132.070007 35.682392 51.030411 66.378426
"Toyama" 1389 36.770000 137.229996 35.989624 50.997673 66.005722
"Kushiro" 518 42.970001 144.369995 33.529427 49.154739 64.780060
"Ofunato" 1364 39.020000 141.750000 35.188488 49.787636 64.386787
"Mera" 359 34.919998 139.820007 33.949089 54.127747 74.306404
"Kushimoto" 134 33.480000 135.770004 36.064243 52.190964 68.317688
"Aburatsu" 814 31.580000 131.419998 34.466389 56.174042 77.881691
"Naha" 1151 26.219999 127.669998 39.304905 59.781509 80.258118
"Maisaka" 1089 34.680000 137.619995 34.937836 50.739433 66.541031
"Miyakejima" 1060 34.070000 139.619995 33.949089 54.127747 74.306404
"Hosojima" 133 32.419998 131.679993 32.692360 54.880299 77.068237
"Naze" 887 28.400000 129.630005 38.835579 59.599800 80.364021
"Wakkanai" 1103 45.400002 141.679993 31.034046 51.985664 72.937279
"Nagasaki" 1100 32.730000 129.869995 35.560757 54.907036 74.253311
"Nishinoomote" 1096 30.750000 131.070007 36.343529 56.881706 77.419891
"Hakodate" 813 41.779999 140.720001 35.987083 50.533955 65.080833
"Ishigaki" 1411 24.330000 124.150002 38.912056 58.620243 78.328430
"Manila" 145 14.600000 120.980003 37.386559 52.969940 68.553314
"Legaspi" 522 13.250000 123.830002 37.739296 56.287777 74.836258
"Hachinohe" 460 40.529999 141.529999 35.297142 49.473034 63.648926
"Xiamen" 727 24.450001 118.070000 34.810051 54.062210 73.314369
"Salina Cruz" 689 16.250000 264.769989 38.658291 55.030327 71.402367
"Manzanillo-A" 737 19.080000 255.550003 39.514835 55.206001 70.897171
"Guaymas" 693 27.930000 249.100006 35.315926 51.417892 67.519859
"Marsden Point" 1065 -35.830002 174.500000 40.421600 60.184849 79.948090
"Prince Rupert" 167 54.320000 229.619995 9.809479 24.735170 39.660862
"Tofino" 165 49.180000 233.970001 26.030170 41.688675 57.347179
"San Francisco,CA" 10 37.869999 237.399994 33.043808 50.545479 68.047150
"La Jolla,CA" 256 32.869999 242.679993 31.191973 49.300831 67.409691
"Monterey,CA" 1352 36.650002 238.070007 37.716640 55.067402 72.418167
"Crescent City,CA" 378 41.849998 235.820007 35.838326 53.897442 71.956558
"Port Orford, OR" 1640 42.799999 235.380005 36.256920 53.832859 71.408798
"Neah Bay,WA" 385 48.380001 235.380005 31.050222 46.821449 62.592674
"Sitka,AK" 426 57.070000 224.580002 29.503664 44.923134 60.342598
"Seward-C,AK" 266 60.150002 210.479996 23.550297 41.975391 60.400486
"Seldovia,AK" 1070 59.500000 208.250000 21.001131 42.204464 63.407795
"Valdez,AK" 1353 61.200001 213.529999 17.019157 35.961449 54.903740
"Willapa Bay, WA" 1354 46.779999 235.899994 36.142807 52.884628 69.626442
"Port San Luis, CA" 508 35.270000 239.149994 36.757290 53.888256 71.019218
"Los Angeles,CA" 245 33.750000 241.679993 26.379622 44.812695 63.245766
"San Diego,CA" 158 32.830002 242.769989 31.191973 49.300831 67.409691
"Yakutat,AK" 445 59.680000 220.250000 12.737182 33.328751 53.920319
"Ketchikan,AK" 225 55.330002 228.300003 17.940020 36.482769 55.025517
"Astoria,OR" 265 46.279999 236.230011 36.142807 52.884628 69.626442
"Arena Cove, CA" 2125 39.029999 236.220001 35.347782 52.899372 70.450958
"Sand Point,AK" 1634 55.369999 199.479996 30.066685 51.584976 73.103271
"Charleston,OR" 1269 43.450001 235.630005 38.236595 54.619228 71.001862
"Humboldt Bay, CA" 1639 40.770000 235.779999 35.785885 53.685387 71.584885
"Santa Monica, CA" 377 34.080002 241.500000 26.379622 44.812695 63.245766
"Cordova-B,Alaska" 566 60.630001 214.220001 15.939138 35.514153 55.089165
"South Beach,OR" 1196 44.700001 235.869995 39.507885 54.566711 69.625542
"Puerto Montt" 472 -41.500000 286.929993 23.070976 35.414551 47.758121
"Faraday" 913 -65.250000 295.730011 -30.134666 -1.444852 27.244961
"Port Nolloth" 836 -29.250000 16.870001 41.597992 58.097626 74.597260
"Luderitz" 911 -26.650000 15.150000 42.047230 58.614548 75.181870
"Eastport,ME" 332 44.930000 293.000000 14.398199 45.656979 76.915756
"Boston,MA" 235 42.400002 288.929993 21.236259 55.930954 90.625648
"Woods Hole,MA" 367 41.580002 289.279999 32.765705 63.465424 94.165138
"Nantucket,MA" 1111 41.299999 289.779999 32.765705 63.465424 94.165138
"New London,CT" 429 41.400002 287.880005 41.242241 67.915298 94.588348
"New York,NY" 12 40.700001 285.850006 40.213428 68.816025 97.418617
"Cape May,NJ" 1153 38.980000 284.950012 51.582932 71.683624 91.784309
"Lewes,DE" 224 38.919998 284.850006 51.582932 71.683624 91.784309
"Chesapeake BBT" 1635 36.970001 283.769989 50.233894 73.974144 97.714394
"Wilmington,NC" 396 34.320000 282.019989 44.653633 66.243393 87.833153
"Fort Pulaski,GA" 395 32.029999 279.080017 42.965542 64.168701 85.371864
"Mayport,FL" 316 30.500000 278.429993 44.143833 64.570183 84.996536
"Naples,FL" 1107 26.250000 278.130005 45.335068 62.785236 80.235413
"St. Petersburg, FL" 520 27.850000 277.279999 45.353127 64.921944 84.490761
"Apalachicola,FL" 1193 29.820000 274.880005 43.602497 64.006165 84.409828
"Pensacola,FL" 246 30.430000 272.669983 44.475185 64.477386 84.479591
"Grand Isle,LA" 526 29.379999 269.980011 43.230610 62.598366 81.966118
"Sabine Pass N,TX" 920 29.850000 266.100006 43.439014 62.709850 81.980690
"Galveston,P.Pier" 161 29.320000 265.149994 41.637360 60.355873 79.074387
"Rockport, TX" 538 28.070000 262.830017 44.425251 62.179607 79.933968
"Corpus Cristi,TX" 1903 27.700001 262.779999 44.425251 62.179607 79.933968
"Port Isabel,TX" 497 26.150000 262.649994 44.349773 62.052010 79.754250
"Galveston,Pier 21" 161 29.400000 265.119995 41.637360 60.355873 79.074387
"Rorvik" 1241 64.870003 11.250000 -3.786282 18.959887 41.706055
"Tregde" 302 58.000000 7.570000 16.570091 39.418648 62.267208
"Vardo" 524 70.330002 31.100000 2.075827 27.492804 52.909779
"Goteborg-Torsh." 1236 57.700001 11.850000 5.688028 28.723154 51.758278
"Brest" 1 48.380001 355.399994 36.977219 52.219780 67.462334
"Ny-Alesund" 1421 78.930000 11.950000 -57.168526 -20.830873 15.506779
"Marseille" 61 43.380001 5.380000 37.050220 47.966801 58.883381
"Cuxhaven" 7 53.869999 8.720000 24.564999 52.325260 80.085526
"Stockholm" 78 59.400002 18.219999 -9.703882 14.886095 39.476074
"La Coruna" 484 43.369999 351.600006 34.512581 52.045105 69.577637
"Malin Head" 916 55.369999 352.670013 18.721182 40.477207 62.233234
"Gedser" 120 54.570000 11.930000 19.309891 47.757736 76.205582
"Hornbaek" 119 56.099998 12.470000 12.854847 39.359585 65.864326
